# Number of parameters = 184  Objective function value = 264.916  Maximum gradient component = 8.63299
# theta[1]:
 12.8397
# theta[2]:
 0.587919
# theta[3]:
 -1.60900 -1.60900
# theta[4]:
 11.2725
# theta[5]:
 9.99998
# theta[6]:
 0.260000
# theta[7]:
 0.735000
# theta[8]:
 -1.71500 -1.71500
# sel_par[1]:
 1.49290 -1.60944
# sel_par[2]:
 0.693147 -1.60944
# sel_par[3]:
 6.47697 4.17439
# log_ft_pars:
 -2.79466 -2.62632 -2.57234 -2.55272 -2.41669 -2.60165 -2.52526 -2.22430 -1.85510 -1.68065 -1.95203 -1.86719 -1.67172 -1.89707 -1.82408 -1.88275 -1.72106 -0.992776 -1.00528 -0.992983 -0.960205 -1.03573 -1.07599 -1.30669 -1.49612 -1.35989 -1.57085 -1.30738 -1.43171 -1.14461 -1.01357 -1.09992 -1.03786 -1.02125 -1.09496 -1.09395 -1.26602 -1.35080 -1.37235 -1.41421 -1.44519 -1.45498 -1.43891 -1.27238 -1.51278 -1.63891 -1.92457 -1.89941 -1.93904 -2.03499 -1.76750 -1.52068 -1.36119 -1.64442 -1.47344 -1.36255 -1.42363 -1.87356 -2.28480 -2.32345 -2.92691 -3.38674 -3.47457 -6.47160 -5.72857 -5.30700 -5.01731 -4.75146 -4.52548 -4.30979 -4.16780 -3.98741 -3.84184 -3.68443 -3.61709 -3.45142 -3.38787 -3.28195 -3.19504 -3.06103 -2.98293 -2.82866 -2.67011 -2.58553 -2.76443 -1.85811 -2.31171 -2.34257 -2.38310 -2.41229 -2.60189 -3.21948 -3.64078 -4.08997 -3.96823 -4.00883 -4.48441 -4.82326 -4.83836 -5.07268 -5.16308 -4.65721 -4.25322 -5.15738
# init_log_rec_devs:
 0.000000 0.000000 0.000000 0.000000 0.000000 0.000000 0.000000 0.000000 0.000000 0.000000 0.000000 0.000000 0.000000 0.000000 0.000000 0.000000 0.000000 0.000000 0.000000
# log_rec_devs:
 0.146428 1.00914 0.931034 0.910375 0.974317 1.08813 0.971609 1.08039 1.04257 1.07438 1.05296 1.03643 0.941024 1.08124 0.803611 0.891405 0.954018 0.993804 0.825449 0.736605 0.566650 0.643929 0.342836 0.435162 0.427544 0.421888 0.203819 0.649043 0.480683 0.283804 0.228285 0.229280 0.204909 0.160347 0.0714604 -0.134363 0.117445 -0.0253876 -0.135461 -0.0894830 -0.261283 -0.192141 -0.245297 -0.325416 -0.357436 -0.397567 -0.444616 -0.405866 -0.451167 -0.469636 -0.579675 -0.533604 -0.585288 -0.679995 -0.676750 -0.642397 -0.778369 -1.04239 -1.03659 -1.04731 -1.03291 -1.10036 -1.02484 -1.06806 -1.09174 -1.09071 -1.05025 -0.873242 -0.610084 -0.778923 -0.771018 -0.628363 -0.416873 -0.441384 -0.290191 -0.201213
# log_m_nodes:
 0.000000 0.000000 0.000000 0.000000 0.000000 0.000000 0.000000 0.000000 0.000000 0.000000 0.000000 0.000000
# log_age_tau2[1]:
0.325000000000
# phi1[1]:
0.0100000000000
# phi2[1]:
0.500000000000
# log_degrees_of_freedom[1]:
5.35000000000
# gamma_r:
0.000000000000
