# Number of parameters = 201  Objective function value = 286.411  Maximum gradient component = 0.000675899
# theta[1]:
 11.8842
# theta[2]:
 0.761516
# theta[3]:
 -1.61000 -1.61000
# theta[4]:
 11.1916
# theta[5]:
 5.00005
# theta[6]:
 0.592143
# theta[7]:
 0.735000
# sel_par[1]:
 1.49290 -1.60944
# sel_par[2]:
 0.693147 -1.60944
# sel_par[3]:
 6.47697 4.17439
# log_ft_pars:
 -2.37641 -2.58564 -2.64967 -2.31583 -2.80039 -2.65333 -2.52823 -2.19907 -2.25146 -3.71237 -1.89082 -3.06603 -1.68991 -2.14168 -1.92432 -1.80724 -1.59180 -1.57575 -1.57647 -1.54321 -1.51533 -1.49036 -1.46580 -1.44253 -1.26705 -1.46593 -1.21490 -1.32771 -1.08192 -0.967689 -0.932012 -0.818974 -0.780511 -0.815456 -0.794430 -0.942004 -0.974786 -1.00326 -0.999204 -0.962738 -0.947339 -0.907407 -0.738298 -0.954822 -1.07404 -1.35051 -1.34453 -1.39601 -1.49914 -1.25709 -1.00409 -0.793484 -1.06804 -0.930685 -0.829372 -0.854287 -1.29762 -1.65289 -1.73351 -2.39029 -2.82328 -2.90896 -6.49925 -5.74219 -5.28376 -4.95052 -4.69483 -4.48132 -4.29085 -4.11047 -3.92439 -3.75744 -3.61431 -3.48909 -3.37991 -3.28637 -3.21467 -3.13675 -3.03526 -2.91720 -2.81512 -2.70065 -2.55157 -2.68091 -1.68462 -2.10430 -2.09514 -2.14965 -2.17630 -2.34404 -3.00885 -3.32494 -3.85671 -3.82467 -3.89428 -4.36716 -4.77014 -4.92737 -5.13580 -5.23703 -4.79347 -4.34729 -5.37993 -7.51513 -7.85435 -9.32537 -5.60171 -6.00690 -6.04499 -5.96642 -6.20452 -5.72074
# init_log_rec_devs:
 0.000000 0.000000 0.000000 0.000000 0.000000 0.000000 0.000000 0.000000 0.000000 0.000000 0.000000 0.000000 0.000000 0.000000 0.000000 0.000000 0.000000 0.000000 0.000000
# log_rec_devs:
 -1.97234e-006 0.395198 0.435050 0.462772 0.489875 0.510996 0.526510 0.543984 0.557526 0.569425 0.579127 0.587681 0.595307 0.601610 0.602861 0.606496 0.605784 0.598385 0.585722 0.574051 0.563224 0.553927 0.542155 0.530506 0.515654 0.491170 0.471913 0.450265 0.425029 0.391886 0.333310 0.266107 0.188272 0.108190 0.0466292 -0.00180142 -0.00781977 -0.00815238 -0.0458323 -0.0944754 -0.149569 -0.215179 -0.269851 -0.342473 -0.398121 -0.394623 -0.374195 -0.358745 -0.389372 -0.403629 -0.418622 -0.480095 -0.615425 -0.706231 -0.794447 -0.927972 -1.01195 -1.03861 -1.05081 -1.05550 -1.03500 -0.987346 -0.961480 -0.924246 -0.830761 -0.713854 -0.588984 -0.460394 -0.391286 -0.330802 -0.242413 -0.128467 -0.0651452 -0.0255378 0.0295031 0.0947703 0.166005 0.247063 0.306481 0.359296 0.403676 0.420219 0.432458 0.473150
# log_m_nodes:
 0.000000 0.000000 0.000000 0.000000 0.000000 0.000000 0.000000 0.000000 0.000000 0.000000 0.000000 0.000000
# log_age_tau2[1]:
0.325000000000
# phi1[1]:
0.0100000000000
# phi2[1]:
0.500000000000
# log_degrees_of_freedom[1]:
5.35000000000
# gamma_r:
0.000000000000
