# Number of parameters = 183  Objective function value = 265.461  Maximum gradient component = 0.000855847
# theta[1]:
 12.0335
# theta[2]:
 0.855465
# theta[3]:
 -1.61000 -1.61000
# theta[4]:
 11.0588
# theta[5]:
 5.00000
# theta[6]:
 0.260000
# theta[7]:
 0.735000
# theta[8]:
 -1.71500 -1.71500
# sel_par[1]:
 1.49290 -1.60944
# sel_par[2]:
 0.693147 -1.60944
# sel_par[3]:
 6.47697 2.70805
# log_ft_pars:
 -3.03913 -2.73990 -2.77775 -2.56869 -2.47367 -2.93211 -2.76889 -2.62776 -2.28356 -2.32013 -3.76635 -1.92620 -3.09358 -1.70092 -2.14841 -1.92410 -1.80092 -1.57837 -1.55769 -1.55544 -1.52074 -1.49100 -1.46559 -1.44200 -1.41885 -1.24416 -1.44766 -1.19626 -1.31360 -1.06922 -0.957991 -0.927185 -0.819289 -0.785258 -0.830341 -0.812005 -0.966961 -1.00761 -1.05038 -1.06631 -1.04747 -1.03915 -1.00134 -0.825326 -1.04553 -1.15964 -1.42743 -1.41737 -1.45727 -1.55559 -1.29958 -1.02826 -0.798073 -1.04276 -0.876486 -0.736816 -0.769619 -1.13461 -1.39866 -1.41143 -1.96744 -2.35723 -2.43148 -6.34637 -5.59674 -5.14619 -4.82154 -4.57030 -4.35617 -4.16042 -3.97591 -3.78702 -3.61843 -3.47379 -3.34583 -3.23403 -3.13675 -3.05875 -2.97069 -2.85480 -2.72348 -2.61302 -2.48573 -2.31857 -2.39486 -1.37770 -1.76722 -1.72679 -1.78908 -1.81144 -2.01238 -2.68487 -2.77509 -3.31254 -3.34162 -3.45356 -3.99160 -4.38478 -4.44531 -4.75507 -4.90241 -4.46684 -4.13452 -5.11734
# init_log_rec_devs:
 0.000000 0.000000 0.000000 0.000000 0.000000 0.000000 0.000000 0.000000 0.000000 0.000000 0.000000 0.000000 0.000000 0.000000 0.000000 0.000000 0.000000 0.000000 0.000000
# log_rec_devs:
 -1.96936e-006 0.396477 0.428080 0.458708 0.489326 0.520617 0.548113 0.571660 0.594771 0.612548 0.628066 0.640445 0.651246 0.660990 0.669416 0.672205 0.678404 0.679800 0.673671 0.661795 0.651250 0.641812 0.634865 0.624336 0.614528 0.600444 0.576252 0.558505 0.537988 0.513022 0.478743 0.416923 0.348190 0.272835 0.200471 0.150735 0.112980 0.101432 0.0910072 0.0301086 -0.0224682 -0.0689152 -0.137283 -0.187039 -0.261303 -0.319981 -0.308295 -0.296448 -0.288603 -0.341273 -0.359899 -0.363387 -0.412391 -0.591714 -0.681068 -0.805414 -1.03017 -1.15011 -1.13654 -1.13283 -1.16228 -1.15814 -1.12284 -1.13965 -1.13426 -1.02895 -0.881783 -0.688495 -0.459824 -0.419522 -0.356526 -0.206772 0.000658256 0.0633734 0.0753291 0.122056
# log_m_nodes:
 0.000000 0.000000 0.000000 0.000000 0.000000 0.000000 0.000000 0.000000 0.000000 0.000000 0.000000 0.000000
# log_age_tau2[1]:
0.325000000000
# phi1[1]:
0.0100000000000
# phi2[1]:
0.500000000000
# log_degrees_of_freedom[1]:
5.35000000000
# gamma_r:
0.000000000000
