# Number of parameters = 200  Objective function value = 291.134  Maximum gradient component = 0.000385910
# theta[1]:
 12.7437
# theta[2]:
 0.760047
# theta[3]:
 -1.61000 -1.61000
# theta[4]:
 11.3150
# theta[5]:
 5.00005
# theta[6]:
 0.260000
# theta[7]:
 0.735000
# sel_par[1]:
 1.49290 -1.60944
# sel_par[2]:
 0.693147 -1.60944
# sel_par[3]:
 6.47697 4.17439
# log_ft_pars:
 -2.59196 -2.53034 -2.50345 -2.35488 -2.54881 -2.47378 -2.16549 -1.78731 -1.60294 -1.84262 -1.74120 -1.60612 -1.79934 -1.71829 -1.76114 -1.60202 -0.891482 -0.870054 -0.865681 -0.857531 -0.907307 -1.00872 -1.15853 -1.37691 -1.23254 -1.45916 -1.21059 -1.33532 -1.08863 -0.984248 -0.964808 -0.859208 -0.847602 -0.894448 -0.886034 -1.05709 -1.08371 -1.11109 -1.11791 -1.10274 -1.12263 -1.10092 -0.942672 -1.17242 -1.29799 -1.57129 -1.55902 -1.59362 -1.68281 -1.46186 -1.23409 -1.02802 -1.29704 -1.16070 -1.06760 -1.11791 -1.56556 -1.91129 -1.97806 -2.49147 -2.93292 -3.02431 -6.41852 -5.66122 -5.20439 -4.88469 -4.64841 -4.44462 -4.24924 -4.06501 -3.88130 -3.71839 -3.57526 -3.44758 -3.34228 -3.25889 -3.19403 -3.11130 -2.99675 -2.86786 -2.76192 -2.65288 -2.52397 -2.64262 -1.67550 -2.11120 -2.09322 -2.14709 -2.14388 -2.33627 -3.00565 -3.30172 -3.77344 -3.73440 -3.79181 -4.29046 -4.65545 -4.69522 -4.98124 -5.08757 -4.61679 -4.21796 -5.15392 -7.24420 -7.69490 -8.65763 -5.48462 -5.88594 -5.89243 -5.86513 -6.11182 -5.61468
# init_log_rec_devs:
 0.000000 0.000000 0.000000 0.000000 0.000000 0.000000 0.000000 0.000000 0.000000 0.000000 0.000000 0.000000 0.000000 0.000000 0.000000 0.000000 0.000000 0.000000 0.000000
# log_rec_devs:
 -3.82054e-007 0.806854 0.848636 0.886286 0.924343 0.960439 0.993379 1.02413 1.04462 1.03984 1.02175 1.00036 0.968738 0.953461 0.949134 0.944255 0.933575 0.859317 0.734699 0.630214 0.547922 0.491005 0.454891 0.438360 0.439420 0.429725 0.418300 0.398407 0.371736 0.334675 0.265595 0.185510 0.0934193 0.00917076 -0.0445188 -0.0780997 -0.0217416 -0.0202018 -0.112517 -0.201182 -0.212841 -0.285009 -0.329888 -0.429910 -0.460803 -0.422959 -0.384197 -0.392171 -0.479374 -0.514607 -0.502489 -0.534104 -0.672229 -0.715304 -0.819868 -1.02945 -1.19121 -1.18839 -1.18620 -1.19001 -1.16544 -1.11478 -1.12353 -1.15982 -1.09285 -0.972084 -0.812512 -0.596685 -0.601791 -0.605483 -0.468245 -0.302067 -0.316364 -0.313810 -0.268097 -0.191083 -0.0624135 0.102982 0.188989 0.255177 0.315843 0.442201 0.426979 0.451995
# log_m_nodes:
 0.000000 0.000000 0.000000 0.000000 0.000000 0.000000 0.000000 0.000000 0.000000 0.000000 0.000000 0.000000
# log_age_tau2[1]:
0.325000000000
# phi1[1]:
0.0100000000000
# phi2[1]:
0.500000000000
# log_degrees_of_freedom[1]:
5.35000000000
# gamma_r:
0.000000000000
