# Number of parameters = 201  Objective function value = 287.392  Maximum gradient component = 0.000134592
# theta[1]:
 12.5915
# theta[2]:
 0.676096
# theta[3]:
 -1.61000 -1.61000
# theta[4]:
 11.3897
# theta[5]:
 5.00006
# theta[6]:
 0.589104
# theta[7]:
 0.735000
# sel_par[1]:
 1.49290 -1.60944
# sel_par[2]:
 0.693147 -1.60944
# sel_par[3]:
 6.47697 4.17439
# log_ft_pars:
 -2.43370 -2.35992 -2.32072 -2.15936 -2.34253 -2.27603 -1.98267 -1.62040 -1.45108 -1.71006 -1.63542 -1.52400 -1.73539 -1.66848 -1.72003 -1.56719 -0.859531 -0.836077 -0.830589 -0.822113 -0.872163 -0.974498 -1.12573 -1.34621 -1.20253 -1.43014 -1.18090 -1.30560 -1.05780 -0.951948 -0.931529 -0.823983 -0.809463 -0.853201 -0.841463 -1.01486 -1.04961 -1.08640 -1.10010 -1.07893 -1.07099 -1.02560 -0.860940 -1.09004 -1.21343 -1.49677 -1.49612 -1.54478 -1.63543 -1.40305 -1.15692 -0.940208 -1.21959 -1.09264 -0.991990 -1.03441 -1.50431 -1.87598 -1.97885 -2.53035 -3.00957 -3.12784 -6.41661 -5.66265 -5.20661 -4.87674 -4.62231 -4.40922 -4.21767 -4.03851 -3.85804 -3.69782 -3.55808 -3.43409 -3.32592 -3.23348 -3.16016 -3.07991 -2.97673 -2.85701 -2.75343 -2.64574 -2.51217 -2.62701 -1.67941 -2.16672 -2.19352 -2.27066 -2.27198 -2.45699 -3.12217 -3.43071 -3.90244 -3.86410 -3.92789 -4.43855 -4.81668 -4.86596 -5.15446 -5.25929 -4.78986 -4.39632 -5.33677 -7.43074 -7.88909 -8.86427 -5.70568 -6.11903 -6.13107 -6.10274 -6.34472 -5.84190
# init_log_rec_devs:
 0.000000 0.000000 0.000000 0.000000 0.000000 0.000000 0.000000 0.000000 0.000000 0.000000 0.000000 0.000000 0.000000 0.000000 0.000000 0.000000 0.000000 0.000000 0.000000
# log_rec_devs:
 -8.87760e-007 0.868549 0.906205 0.936397 0.962308 0.983001 0.997734 1.00637 1.00263 0.976789 0.948013 0.926258 0.898835 0.885051 0.880678 0.874830 0.862810 0.788609 0.663887 0.558150 0.475024 0.416383 0.379959 0.363269 0.366239 0.358209 0.347982 0.328117 0.299862 0.260884 0.191340 0.117324 0.0362508 -0.0433331 -0.100724 -0.146673 -0.151855 -0.161761 -0.204178 -0.254943 -0.290759 -0.348317 -0.400059 -0.482708 -0.529075 -0.524894 -0.503316 -0.495835 -0.528797 -0.547947 -0.560168 -0.609757 -0.718932 -0.791665 -0.878292 -1.01105 -1.12214 -1.16150 -1.17127 -1.16581 -1.14143 -1.09537 -1.06469 -1.02615 -0.936397 -0.824770 -0.703266 -0.573815 -0.506777 -0.443812 -0.339900 -0.230815 -0.172751 -0.115145 -0.0469325 0.0323619 0.129041 0.234157 0.314906 0.385520 0.450803 0.529325 0.569786 0.613924
# log_m_nodes:
 0.000000 0.000000 0.000000 0.000000 0.000000 0.000000 0.000000 0.000000 0.000000 0.000000 0.000000 0.000000
# log_age_tau2[1]:
0.325000000000
# phi1[1]:
0.0100000000000
# phi2[1]:
0.500000000000
# log_degrees_of_freedom[1]:
5.35000000000
# gamma_r:
0.000000000000
