# Number of parameters = 182  Objective function value = 260.627  Maximum gradient component = 0.000950072
# theta[1]:
 12.7577
# theta[2]:
 0.759147
# theta[3]:
 -1.61000 -1.61000
# theta[4]:
 11.3533
# theta[5]:
 5.00006
# theta[6]:
 0.260000
# theta[7]:
 0.735000
# sel_par[1]:
 1.49290 -1.60944
# sel_par[2]:
 0.693147 -1.60944
# sel_par[3]:
 6.47697 4.17439
# log_ft_pars:
 -2.72717 -2.57266 -2.43597 -2.37450 -2.56944 -2.49492 -2.18644 -1.80920 -1.62549 -1.86771 -1.76556 -1.62906 -1.82144 -1.73851 -1.78018 -1.61884 -0.903773 -0.883766 -0.880574 -0.872291 -0.921280 -1.02222 -1.17243 -1.39157 -1.24701 -1.47482 -1.22569 -1.35141 -1.10435 -1.00108 -0.983479 -0.879582 -0.869947 -0.918210 -0.910785 -1.08449 -1.11543 -1.14981 -1.16531 -1.15698 -1.17716 -1.15379 -0.995835 -1.22909 -1.35413 -1.62814 -1.61542 -1.65210 -1.74108 -1.51443 -1.27370 -1.04905 -1.32000 -1.18384 -1.10215 -1.19515 -1.70087 -2.12678 -2.27468 -2.82312 -3.28014 -3.37299 -6.43713 -5.68367 -5.23095 -4.91327 -4.67592 -4.47061 -4.27487 -4.09093 -3.90838 -3.74679 -3.60528 -3.47898 -3.37307 -3.28518 -3.21127 -3.12072 -3.00423 -2.87851 -2.79212 -2.71484 -2.62082 -2.78580 -1.86817 -2.34228 -2.34395 -2.39201 -2.37787 -2.56374 -3.23385 -3.58749 -4.03852 -3.98240 -4.02636 -4.51275 -4.86499 -4.89293 -5.16932 -5.26893 -4.78819 -4.42232 -5.38325
# init_log_rec_devs:
 0.000000 0.000000 0.000000 0.000000 0.000000 0.000000 0.000000 0.000000 0.000000 0.000000 0.000000 0.000000 0.000000 0.000000 0.000000 0.000000 0.000000 0.000000 0.000000
# log_rec_devs:
 5.88083e-007 0.780979 0.819405 0.857144 0.894776 0.928909 0.960065 0.989151 1.00826 1.00343 0.985772 0.964968 0.934496 0.918910 0.913425 0.907366 0.895693 0.822654 0.700480 0.597428 0.515809 0.458636 0.422136 0.405227 0.406167 0.396989 0.386069 0.366549 0.339648 0.302028 0.233414 0.155743 0.0688822 -0.00995289 -0.0595759 -0.0906381 -0.0458005 -0.0520331 -0.142611 -0.227850 -0.240316 -0.308813 -0.352368 -0.447716 -0.479843 -0.450675 -0.427590 -0.452609 -0.528658 -0.540368 -0.518964 -0.476542 -0.584854 -0.608693 -0.627669 -0.914054 -1.08829 -1.10614 -1.10660 -1.08813 -1.03516 -0.968501 -0.981510 -1.02510 -0.976040 -0.873289 -0.700899 -0.474966 -0.487886 -0.461466 -0.318269 -0.100904 -0.0324481 0.00208171 0.0710875
# log_m_nodes:
 0.000000 0.000000 0.000000 0.000000 0.000000 0.000000 0.000000 0.000000 0.000000 0.000000 0.000000 0.000000
# log_age_tau2[1]:
0.325000000000
# phi1[1]:
0.0100000000000
# phi2[1]:
0.500000000000
# log_degrees_of_freedom[1]:
5.35000000000
# gamma_r:
0.000000000000
