# Number of parameters = 142  Objective function value = -596.512  Maximum gradient component = 659.732
# theta[1]:
 6.59705
# theta[2]:
 0.449361
# theta[3]:
 -0.991147 -1.48754
# theta[4]:
 4.35531
# theta[5]:
 2.72759
# theta[6]:
 0.987810
# theta[7]:
 2.24780
# sel_par[1]:
 2.25214 0.0416515
# sel_par[2]:
 2.28619 0.358626
# sel_par[3]:
 -6.71112e-005 -15.2110
# log_ft_pars:
 -1.71341 -1.14009 -3.08455 0.887421 0.518789 -0.297111 -1.55043 -26.6223 -2.37107 -9.30652 -8.14770 -1.61872 -3.37444 -1.90101 -2.10324 0.357980 -3.69885 -0.0812396 -4.36473 -4.84236 -2.63722 -1.36736 -2.40614 -2.51184 -2.83097 -2.48821 -2.27605 -2.79865 -3.31829 -3.47002 -4.57390 -1.56492 -1.49139 -3.51706 -3.34032 -3.83521 -3.73462 -2.96919 -2.44824 -2.88971 -1.54759 -2.37710 -1.00148 -3.21919 -0.822610 -2.21841 -0.884856 -2.66604 -1.87913 -3.03988
# init_log_rec_devs:
 -0.0795096 0.00458286 3.12016 0.198914 0.175823 -0.0396243 -0.0834802 -0.257463 -0.368302 -0.384846 -0.341467 -0.350181 -0.285551 -0.215663 -0.179140 -0.154172 -0.140809 -0.116393 -0.0881807 -0.0754009 -0.0573905 -0.0434321 -0.0300044 -0.208234
# log_rec_devs:
 -1.16727 -0.806082 -0.995019 -1.02188 -1.06441 -1.21079 -1.45252 -0.608947 -0.216044 -0.241778 -0.261059 -0.197683 -0.214884 -0.259092 -0.272031 -0.293615 -0.779756 -0.948291 -0.841507 -0.673117 -0.330947 -0.0820676 0.00427881 0.0735963 0.0561763 0.165126 0.193101 0.135775 0.0908349 0.134467 0.221516 0.362107 0.342968 0.421807 0.460952 0.519980 0.673217 0.760290 0.733094 0.809323 0.774253 0.765900 0.776380 0.813618 0.730789 0.781842 0.722727 0.751312 0.783519 0.879811
# log_m_nodes:
 0.000000 0.000000 0.000000 0.000000 0.000000 0.000000 0.000000 0.000000 0.000000 0.000000 0.000000 0.000000
# log_age_tau2[1]:
-0.475465482021
# log_age_tau2[2]:
-0.670020763247
# phi1[1]:
0.491682380398
# phi1[2]:
0.244646699933
# phi2[1]:
0.500000000000
# phi2[2]:
0.500000000000
# log_degrees_of_freedom[1]:
5.35000000000
# log_degrees_of_freedom[2]:
5.35000000000
# gamma_r:
0.000000000000
