# Number of parameters = 182  Objective function value = 259.939  Maximum gradient component = 0.000706250
# theta[1]:
 12.1166
# theta[2]:
 0.822819
# theta[3]:
 -1.61000 -1.61000
# theta[4]:
 11.1222
# theta[5]:
 5.00002
# theta[6]:
 0.260000
# theta[7]:
 0.735000
# sel_par[1]:
 1.49290 -1.60944
# sel_par[2]:
 0.693147 -1.60944
# sel_par[3]:
 6.47697 4.17439
# log_ft_pars:
 -2.62277 -2.84851 -2.92589 -2.60729 -3.10223 -2.94622 -2.80638 -2.46031 -2.49362 -3.92580 -2.07132 -3.22610 -1.82150 -2.26137 -2.02641 -1.89621 -1.67009 -1.64770 -1.64288 -1.60444 -1.57232 -1.54391 -1.51655 -1.49111 -1.31339 -1.51379 -1.26067 -1.37551 -1.12930 -1.01791 -0.986344 -0.877864 -0.846045 -0.887865 -0.872785 -1.02209 -1.04968 -1.07081 -1.06052 -1.02679 -1.03468 -1.02415 -0.873708 -1.10189 -1.22071 -1.48412 -1.46471 -1.50481 -1.60187 -1.36790 -1.13447 -0.948297 -1.22652 -1.09030 -1.00652 -1.04970 -1.46383 -1.77074 -1.79040 -2.40025 -2.79739 -2.86344 -6.52071 -5.75984 -5.29947 -4.97313 -4.73508 -4.53472 -4.34618 -4.16280 -3.97185 -3.79947 -3.65388 -3.52671 -3.42025 -3.33394 -3.26985 -3.19227 -3.08462 -2.96247 -2.85733 -2.73572 -2.58211 -2.70941 -1.69406 -2.06553 -2.01984 -2.06541 -2.10256 -2.28036 -2.94649 -3.25471 -3.78417 -3.74761 -3.80578 -4.26076 -4.64504 -4.78860 -4.99194 -5.09355 -4.64977 -4.20223 -5.23705
# init_log_rec_devs:
 0.000000 0.000000 0.000000 0.000000 0.000000 0.000000 0.000000 0.000000 0.000000 0.000000 0.000000 0.000000 0.000000 0.000000 0.000000 0.000000 0.000000 0.000000 0.000000
# log_rec_devs:
 3.09829e-006 0.420419 0.454417 0.479826 0.507639 0.532156 0.554790 0.582659 0.606523 0.627810 0.642781 0.655836 0.666773 0.675707 0.678862 0.684225 0.684799 0.678029 0.665630 0.654461 0.644253 0.636517 0.624983 0.613876 0.597896 0.571521 0.551141 0.528767 0.503831 0.471244 0.411130 0.338112 0.249401 0.162424 0.101242 0.0615776 0.104885 0.139006 0.0607774 -0.0148084 -0.0767710 -0.160331 -0.209610 -0.272517 -0.329928 -0.293613 -0.262208 -0.244085 -0.323404 -0.348581 -0.351274 -0.412044 -0.597387 -0.677587 -0.768659 -0.965063 -1.04785 -1.00974 -1.02148 -1.04424 -1.02494 -0.974623 -1.00272 -1.04896 -0.981255 -0.852389 -0.685010 -0.469273 -0.460718 -0.461989 -0.352857 -0.112403 -0.0319835 0.00199442 0.0623794
# log_m_nodes:
 0.000000 0.000000 0.000000 0.000000 0.000000 0.000000 0.000000 0.000000 0.000000 0.000000 0.000000 0.000000
# log_age_tau2[1]:
0.325000000000
# phi1[1]:
0.0100000000000
# phi2[1]:
0.500000000000
# log_degrees_of_freedom[1]:
5.35000000000
# gamma_r:
0.000000000000
