# Number of parameters = 200  Objective function value = 290.544  Maximum gradient component = 0.000849522
# theta[1]:
 12.1004
# theta[2]:
 0.805246
# theta[3]:
 -1.61000 -1.61000
# theta[4]:
 11.1174
# theta[5]:
 5.00004
# theta[6]:
 0.260000
# theta[7]:
 0.735000
# sel_par[1]:
 1.49290 -1.60944
# sel_par[2]:
 0.693147 -1.60944
# sel_par[3]:
 6.47697 4.17439
# log_ft_pars:
 -2.60256 -2.82746 -2.90408 -2.58443 -3.07895 -2.92258 -2.78242 -2.43606 -2.46900 -3.90102 -2.04906 -3.20276 -1.80201 -2.24081 -2.00783 -1.87932 -1.65546 -1.63431 -1.63087 -1.59427 -1.56403 -1.53740 -1.51166 -1.48770 -1.31237 -1.51275 -1.26249 -1.37777 -1.13422 -1.02453 -0.993996 -0.887088 -0.856458 -0.898852 -0.884422 -1.03275 -1.05880 -1.07768 -1.06477 -1.02889 -1.03597 -1.02562 -0.876376 -1.10366 -1.22212 -1.48422 -1.46471 -1.50427 -1.60037 -1.36718 -1.13484 -0.949991 -1.22650 -1.09084 -1.00746 -1.05032 -1.46035 -1.76331 -1.77960 -2.38390 -2.77633 -2.83710 -6.51678 -5.75494 -5.29361 -4.96687 -4.72923 -4.52944 -4.34125 -4.15811 -3.96738 -3.79514 -3.64959 -3.52233 -3.41585 -3.32967 -3.26583 -3.18840 -3.08084 -2.95887 -2.85353 -2.73103 -2.57647 -2.70268 -1.69053 -2.05731 -2.00778 -2.04733 -2.07823 -2.24983 -2.91165 -3.22056 -3.74836 -3.70982 -3.76571 -4.21839 -4.59978 -4.73940 -4.93785 -5.03384 -4.58338 -4.12703 -5.15181 -7.28319 -7.61699 -9.07849 -5.34307 -5.73865 -5.77329 -5.69844 -5.94565 -5.47336
# init_log_rec_devs:
 0.000000 0.000000 0.000000 0.000000 0.000000 0.000000 0.000000 0.000000 0.000000 0.000000 0.000000 0.000000 0.000000 0.000000 0.000000 0.000000 0.000000 0.000000 0.000000
# log_rec_devs:
 6.47730e-007 0.411267 0.446013 0.472508 0.501497 0.527420 0.551115 0.580120 0.604474 0.626659 0.642992 0.657021 0.668877 0.678667 0.682136 0.688276 0.689211 0.682267 0.669489 0.658183 0.647999 0.640736 0.629201 0.618186 0.601677 0.574525 0.553734 0.531072 0.506077 0.473484 0.412697 0.338350 0.247498 0.159158 0.0976328 0.0578394 0.104503 0.141244 0.0625150 -0.0132932 -0.0751919 -0.159126 -0.208244 -0.271297 -0.329105 -0.292042 -0.260230 -0.241587 -0.321808 -0.347053 -0.349867 -0.412228 -0.600928 -0.681284 -0.771306 -0.970158 -1.05591 -1.02190 -1.04060 -1.06663 -1.05098 -1.00509 -1.03879 -1.08999 -1.02681 -0.903859 -0.743837 -0.540323 -0.536061 -0.542267 -0.447202 -0.248818 -0.222054 -0.256705 -0.221705 -0.150606 -0.0559406 0.0874320 0.167792 0.244740 0.311003 0.286863 0.265340 0.371340
# log_m_nodes:
 0.000000 0.000000 0.000000 0.000000 0.000000 0.000000 0.000000 0.000000 0.000000 0.000000 0.000000 0.000000
# log_age_tau2[1]:
0.325000000000
# phi1[1]:
0.0100000000000
# phi2[1]:
0.500000000000
# log_degrees_of_freedom[1]:
5.35000000000
# gamma_r:
0.000000000000
